
strategic_region={
	id=13
	name="STRATEGICREGION_13"
	provinces={
		1 4 72 79 80 94 108 140 158 171 217 226 241 256 283 285 296 315 361 435 530 549 552 620 647 656 665 683 716 719 726 739 787 799 891 903 904 940 954 1019 1034 1081 1088 1102 1109 1144 1159 1164 1180 1217 1220 1230 1246 1322 1356 1409 1415 1428 1448 1488 1501 1518 1535 1568 1569 1570 1579 1599 1608 1635 1659 1744 1867 1884 1922 1996 2015 2048 2072 2086 2127 2146 2149 2155 2181 2191 2197 2203 2206 2210 2211 2227 2229 2235 2238 2246 
	}
	weather={
	}
}
