
strategic_region={
	id=14
	name="STRATEGICREGION_14"
	provinces={
		54 66 141 146 163 174 183 184 185 194 220 310 328 348 351 364 382 397 403 405 408 418 517 525 544 588 604 627 637 688 695 702 784 805 809 813 837 881 917 918 929 952 981 1040 1056 1083 1093 1190 1191 1197 1206 1208 1254 1260 1325 1361 1369 1378 1412 1413 1455 1484 1489 1504 1526 1562 1588 1591 1617 1622 1665 1692 1726 1745 1758 1769 1819 1848 1861 1891 1929 1947 1966 1981 2012 2021 2034 2052 2093 2104 2160 2162 2167 2168 2173 2174 2180 2183 2185 2186 2187 2189 2204 2223 
	}
	weather={
	}
}
