
strategic_region={
	id=15
	name="STRATEGICREGION_15"
	provinces={
		35 126 150  210 212 262 264 271 333 340 368  383 388  447 456 458 474 490 512 546 586 626 633 667 678 712  764 810 814 830 846 849 863  945 948 965 977 989 1000 1011 1025 1028 1033 1036 1099 1120 1126 1135 1146 1184 1232 1239 1240  1268 1296 1320 1339 1343 1359 1371 1385 1395 1402 1420 1423 1444 1483 1508 1536 1537 1540 1567 1575 1614 1616 1675 1678 1710 1714 1811 1874 1877 1919 1950 1955 1990 2002 2036 2095 2105 2107 2135 2148 2156 2157 2158 2159 2161 2163 2164 2165 2166 2169 2171 2175 2176 2178 2179 2192 2215  
	}
	weather={
	}
}
