
strategic_region={
	id=18
	name="STRATEGICREGION_18"
	provinces={
		28 106 131 162 230 243 245 284 304 306 308 359 437 455 520 548 629 652 660 715 770 801 821 822 842 888 928 930 942 944 967 969 996 1002 1007 1031 1087 1106 1200 1212 1250 1263 1266 1273 1278 1279 1291 1315 1358 1362 1400 1405 1449 1453 1468 1469 1479 1485 1542 1547 1564 1592 1625 1643 1644 1668 1760 1805 1814 1850 1866 1889 1901 1931 1932 1945 1964 1979 2004 2088 2232 2259 2278 2284 2289 2291 2299 2311 2333 
	}
	weather={
	}
}
