
strategic_region={
	id=25
	name="STRATEGICREGION_25"
	provinces={
		12 56 92 110 178 181 203 237 246 253 261 269 343 344 387 410 428 449 451 453 457 465 505 556 623 659 749 762 774 796 808 843 856 882 946 993 1041 1068 1131 1132 1140 1152 1173 1178 1205 1215 1225 1226 1255 1262 1346 1357 1374 1376 1379 1380 1397 1398 1440 1465 1493 1566 1585 1642 1647 1667 1690 1740 1772 1775 1783 1826 1845 1938 1952 1973 1984 2020 2029 2051 2053 2063 2082 2116 2343 2354 2360 2366 2367 2371 2392 2399 2407 
	}
	weather={
	}
}
