
strategic_region={
	id=26
	name="STRATEGICREGION_26"
	provinces={
		27 58 67 100 101 107 128 165 193 225 239 254 267 288 290 324 341 357 371 372 381 421 491 499 511 551 562 671 687 711 725 777 812 892 950 955 984 1051 1059 1062 1072 1077 1079 1136 1160 1170 1177 1193 1194 1199 1216 1276 1345 1389 1456 1458 1463 1471 1630 1680 1694 1695 1716 1717 1732 1838 1844 1857 1862 1915 1940 1941 1942 1970 1975 2025 2031 2057 2110 2125 2276 2292 2295 2297 2308 2317 2328 2341 2368 2375 2381 
	}
	weather={
	}
}
