
strategic_region={
	id=32
	name="STRATEGICREGION_32"
	provinces={
		11 15 22 25 53 55 81 87 89 93 105 116 136 204 207 235 260 272 282 297 395 416 424 464 495 555 567 600 619 653 677 694 704 724 735 736 755 768 772 779 782 818 824 827 828 840 874 879 894 896 931 968 974 1005 1016 1064 1074 1085 1125 1166 1179 1188 1196 1319 1323 1328 1329 1366 1386 1435 1443 1450 1462 1482 1507 1553 1573 1615 1653 1657 1670 1720 1741 1752 1788 1789 1812 1815 1822 1828 1852 1878 1885 1894 1910 1924 1959 1967 1992 2023 2032 2047 2060 2069 2138 2139 2143 2154 2363 2373 2378 2394 2402 2416 2421 2422 2450 
	}
	weather={
	}
}
